%YAML:1.0
homography: !!opencv-matrix
   rows: 3
   cols: 3
   dt: d
   data: [ 1., 3.3731043258780133e-16, 0., -1.0372086334352993e-16, 1.,
       4.9227844771419227e-14, -4.0043621292381722e-19,
       1.2478154253113141e-18, 1. ]
